43
OBJET0 30 3 64 0
OBJET1 10 1 0 0
OBJET2 12 6 10 0
OBJET3 19 3 22 0
OBJET4 30 6 64 3
OBJET5 23 16 41 0
OBJET6 1 13 0 1
OBJET7 2 15 0 14
OBJET8 27 8 64 9
OBJET9 21 27 41 16
OBJET10 6 32 0 29
OBJET11 13 13 22 3
OBJET12 17 17 22 16
OBJET13 5 8 0 61
OBJET14 14 5 22 33
OBJET15 24 24 64 17
OBJET16 8 10 0 69
OBJET17 15 33 22 38
OBJET18 3 20 0 79
OBJET19 25 18 64 41
OBJET21 29 32 64 59
OBJET22 13 18 22 71
OBJET23 9 14 10 6
OBJET24 7 24 10 20
OBJET25 22 29 41 43
OBJET26 9 30 10 44
OBJET27 14 1 22 89
OBJET28 8 25 10 74
OBJET29 30 2 64 91
OBJET30 9 6 22 90
OBJET32 4 17 41 72
OBJET35 6 12 94 0
OBJET41 18 1 22 96
OBJET43 4 31 94 12
OBJET44 16 11 41 89
OBJET46 4 8 94 43
OBJET50 5 10 94 51
OBJET53 5 24 94 61
OBJET58 21 5 64 93
OBJET60 1 3 22 97
OBJET66 27 1 64 98
OBJET77 4 10 94 85
